3939
2279
7972
6924
4298
4368
2671
9553
7730
4514
2339
2682
2349
2546
4729
8195
1843
9930
8832
2176
3347
4613
6325
9978
1631
4605
5689
6909
1864
9692
6842
4988
8872
106
2396
7307
7094
247
2542
1693
1922
558
1271
8932
2174
2250
7581
8746
4489
3107
931
4876
6202
1735
9510
8795
3876
1453
6789
5071
2864
9550
4454
5536
8032
5318
3472
1135
6714
2684
4543
2260
1664
1422
2130
1460
6142
9166
9305
1531
3523
5666
5418
331
9358
6652
7077
7022
1518
6047
2149
375
4827
9986
7437
8307
7663
8591
3553
2078
8070
9395
2016
6770
2357
4276
8957
6107
2363
2398
4234
311
7486
6417
2558
8021
8942
8124
7821
3552
7592
2072
5877
861
8044
5935
8824
2906
6651
6870
2296
1845
2045
1143
1487
190
571
598
3885
2834
9168
1036
7641
6379
421
1780
3246
9714
7246
1656
3078
2563
8136
2695
396
6044
338
1828
4226
2728
5075
1769
3800
7352
973
5158
60
7528
7184
6451
2872
3978
326
97
7894
4109
4089
384
4419
6039
1354
9793
273
5440
8680
1854
8238
3624
597
7287
190
9402
2438
6301
6004
760
1755
1713
9250
4309
7380
999
7811
6166
2029
8369
1024
4455
1809
8300
387
8073
9695
6425
1874
3044
1214
8995
170
8751
888
935
7670
5608
538
6808
1478
7872
483
3912
3963
2464
6891
2647
4205
2474
5509
1245
550
4244
9141
8806
5768
7334
2198
3048
5007
2249
9410
9341
3097
7734
7490
2787
730
4934
92
1575
1646
130
9027
32
2085
6578
876
4560
7018
5934
2236
3141
6225
1872
5827
727
7288
8426
2313
290
8579
6024
1321
4524
3486
1121
2557
1700
5365
495
1151
2538
5094
4427
8404
1349
2689
5313
1164
456
2493
4462
7209
1887
3468
4438
688
5141
2717
4565
3767
7540
8907
9866
1347
2093
748
9933
6836
290
1702
8707
4801
1289
4634
2779
2824
6026
8266
5380
4068
2105
9219
6411
9988
9493
2456
6087
1913
8729
7409
4243
701
3607
5077
4071
9505
1890
1261
561
2046
6516
1343
7854
277
3570
3650
3474
7194
7888
2369
4726
798
1220
2840
533
1734
4945
9666
4970
4431
2006
1186
950
2220
2165
6684
2400
6786
7059
3359
8630
3519
7025
6365
1098
5450
6036
9367
3863
2073
9482
4278
197
3679
5266
1413
9701
4892
8564
5810
7298
9312
769
28
1511
4093
783
6389
243
9681
4757
837
1036
2568
5326
6047
3445
8936
3528
6233
8956
2572
136
2677
6128
6318
50
5146
865
1915
4864
546
1848
7784
2610
4361
363
2845
7313
4531
6688
334
5973
3564
3602
9964
1848
2404
8392
3850
4879
2614
4980
7182
8042
3679
1561
5136
7586
1938
3322
6931
2934
5571
5676
8413
1404
7950
3230
1236
1314
6296
9235
6198
9231
1312
8267
7649
522
8311
9533
8197
1022
7369
2549
6626
5936
3235
6566
4372
1093
2161
7148
2030
2131
4270
9146
3467
3805
5375
1769
1210
9617
9916
1083
860
5445
4013
3111
3047
5065
5527
7910
6498
3475
3183
8732
2480
9163
2199
9093
8233
8887
6269
3108
6218
624
2571
929
590
1191
3695
7403
2913
6221
3545
4369
444
2252
2561
8566
4617
3071
2070
2239
520
7788
8901
1584
9920
2786
1912
8299
7595
6168
1235
3536
9675
9151
5325
9398
3268
2297
3497
9628
4116
2531
4846
3530
9596
2097
3484
9959
9405
7014
7036
6520
8476
1282
9461
2354
2043
5148
1153
2979
901
6670
4608
6132
6798
7799
1857
7011
8494
1689
1756
51
38
9547
3062
377
8256
890
607
6680
9661
6822
4152
2167
5861
8406
2780
6279
451
1544
291
1650
3592
7494
8493
597
4789
1689
274
4855
6419
8231
1627
6307
606
6793
6644
936
8479
5235
2449
1706
3210
8352
1959
1714
5801
4257
3695
9765
7184
3992
720
9985
2536
4634
9844
2581
6872
4788
7393
387
1616
8421
4844
7363
161
1362
285
4773
902
572
8452
218
1797
7199
913
6539
6103
3035
4530
6606
8457
6572
6224
3334
549
4685
5278
2529
4250
8807
2342
328
4428
1533
4531
1409
9988
1532
6074
3157
957
8302
8309
785
5211
2092
6520
1164
8096
1405
7661
1572
2594
325
3660
5001
9845
175
4416
4358
1254
8217
510
4633
961
47
1320
2509
4330
1183
1091
2692
7155
6755
2042
2616
2062
2190
2943
8609
8798
2126
3188
5260
7046
1427
8611
689
3429
9511
8991
445
5123
2207
4657
2467
4192
3874
312
169
4149
6289
2642
2053
1726
3245
9743
4029
8724
8387
5722
6361
409
3898
3320
8807
9824
792
1106
7459
1261
4674
2716
3393
2103
818
2893
8907
1460
3825
8931
4767
6941
2893
3134
5383
2027
4334
6140
1566
6435
688
5416
3053
2933
9469
4880
4743
3130
1807
1372
9616
6387
9168
397
8215
259
7830
6065
1487
6032
2351
9135
1974
1531
9071
2906
1517
2635
7156
6352
977
9561
3529
3728
9717
9072
6359
985
4753
8517
4874
212
5408
4439
5557
9921
5735
8430
9733
5191
700
893
8524
4621
6191
6832
9837
3617
3302
1332
2102
437
1664
6234
4266
430
3364
5131
6672
3781
5562
6176
679
2096
2087
5163
7616
3317
462
88
4833
9248
1702
7169
8922
3312
7493
4759
3954
4962
5016
5630
8213
1758
2458
8296
1475
5793
7114
1140
6978
9830
3844
9866
4070
6393
6166
1590
1535
1094
6026
544
1155
4282
8984
4561
5030
9766
1376
4345
7651
9070
5642
4787
818
2547
775
5321
9865
3643
5589
8370
5048
7544
1122
5953
41
8930
9782
392
4825
4039
635
8443
6142
1444
9389
3737
5429
1228
1211
8887
7955
8033
6501
6745
5450
651
9857
3973
9352
2219
3482
5007
3550
6613
542
6873
397
8963
1469
5671
9995
4649
517
14
83
4305
4440
2310
3644
8042
6708
4456
7179
5438
233
8066
4005
6213
2758
9988
1957
2159
73
689
8728
3544
3460
3945
1018
7593
7433
729
5225
6543
3783
2325
7891
9099
3712
5725
5333
966
9606
6504
7976
9381
134
3282
2817
1563
4531
350
7549
9786
46
8492
184
4539
9353
9685
112
3038
3984
1061
8361
2448
8724
7317
8928
483
4464
5714
1360
3039
4218
1735
1938
785
2367
562
51
5522
7025
879
2334
1277
7472
6561
4101
3699
9557
8754
6298
1975
7202
3596
7294
326
4449
9398
7808
698
1559
6100
7288
7001
7985
6822
3682
3433
206
4657
7117
942
5530
1258
1452
4972
1397
8099
7289
7553
3318
6362
8243
8485
7274
3938
923
3025
7524
3778
7569
5529
7402
561
3501
6438
2685
3514
2705
3880
2987
9279
2064
1643
3759
9793
2608
5185
2762
1940
8198
4348
7879
5611
2276
9455
9471
831
8927
3511
4651
1920
7175
1626
8724
1168
9488
3426
8413
276
8631
1043
597
8893
4389
5234
7627
7460
6952
1337
7170
1367
381
6334
8636
2639
3894
1125
5876
5784
707
1418
4271
3233
1209
5270
8365
346
2827
8847
3173
6688
9427
312
9936
9632
9299
1785
7359
1395
8794
9021
6766
3001
6303
1136
1987
9681
9479
9523
3071
8050
8691
3768
1402
6243
2797
1169
221
4416
8249
4930
1257
9391
8755
7941
5356
2897
4748
2421
3248
7977
8140
4858
5815
8533
8224
1417
6191
8792
1604
9772
51
4672
7679
4486
9347
8320
4638
7823
6608
6924
2327
298
7263
8746
2353
8471
8615
3962
9952
8376
6470
2380
728
7442
3167
4915
6475
2284
6968
7055
7152
1698
669
2204
2507
929
4625
2904
5666
2809
5944
4032
1639
2283
4328
2354
3073
9111
2471
2814
9241
6752
8068
2079
383
6572
1801
2099
9851
2002
1881
3517
3449
7129
1479
6818
1992
5497
3368
7518
1637
1945
2722
3666
3970
555
4736
3381
5496
1730
7766
7590
9575
2151
1467
9103
2754
3172
1752
3979
2282
2677
2403
4273
4604
5466
7506
6913
9840
6465
2387
5383
4674
2400
2347
1254
812
5997
4393
8186
6690
8484
7367
9164
8140
7690
6203
8857
2239
1172
6147
7143
3671
608
8983
9898
6259
9747
2158
776
3152
1887
9398
1032
4801
1218
3505
6302
6036
491
1396
4857
434
5010
9064
4744
1669
1559
8149
6206
3813
3163
5283
5128
9454
8929
3787
2987
3590
9452
3544
5158
1299
273
4628
4299
8228
2062
7270
794
3548
126
2067
4720
952
4576
3559
6160
2351
1939
3354
1198
2029
6146
5305
9248
509
7831
888
567
8175
555
8215
1691
5822
1913
7550
2975
9894
6128
3064
8809
4003
6124
1275
7333
6550
206
3981
8456
2587
1138
3430
2397
4880
95
4810
8463
5242
1615
1163
7991
7061
618
5048
8843
7993
1700
4601
857
7808
3661
6691
5883
6589
24
912
4016
3341
3393
5923
4983
5854
6468
6257
3548
1272
7448
7318
422
4184
8637
4384
508
5703
1408
5282
1618
7214
6753
4370
8167
8022
1575
3950
3967
1626
6599
2597
889
6850
4308
8926
4239
7344
1818
5721
6576
626
9660
2028
9010
4400
6361
2511
3619
4609
622
2076
8239
1390
5062
226
2122
2236
6956
2544
6472
6902
12
2223
4584
4961
6773
9779
5067
3030
653
1510
2547
1253
4288
2596
2940
1884
534
8949
1160
1802
5269
6602
610
9946
7403
2560
9318
1660
8702
7714
7053
5295
7408
6610
6294
8467
1246
9268
481
690
357
2146
4352
9888
3769
5073
620
1861
656
7723
5739
7006
3375
2439
4847
4576
9276
2243
2332
8280
8493
1654
235
6450
5084
50
4881
6860
8389
558
5774
7871
539
4519
2123
193
8102
3332
9944
5176
705
4391
7318
5697
5754
1833
2596
5709
2985
1951
427
3610
9402
4704
2947
8721
7447
7959
6313
1606
8631
583
2414
1054
7396
2478
5419
4979
2081
31
7262
6214
1496
19
8115
4078
1212
5847
7913
8125
9977
957
2916
9907
4738
6979
9438
1496
5523
9965
3823
312
9229
1425
6332
7528
6257
1057
4028
4233
5965
559
1385
8859
9746
4141
8713
6767
8836
5726
9005
4432
3222
8144
2484
2300
9512
6482
6177
2528
7118
803
429
593
9477
1969
6590
3481
4725
4477
570
2071
3145
3127
7399
955
642
8343
4122
1456
2916
1877
1248
6148
1467
2324
2328
389
4823
1055
5330
2467
7576
3495
516
1990
300
158
1489
644
332
6462
4766
5661
6293
1985
3420
7326
5934
2317
3749
3880
6300
7437
426
5607
4217
7183
2309
8402
1261
4512
1159
8381
6465
356
3134
4916
67
3494
7912
2535
8057
84
8063
2337
9547
1646
555
1124
8431
5566
4094
5411
1757
6760
4258
752
4062
1939
6377
9040
3151
3417
477
1539
8476
3479
4380
3255
9504
8139
58
1103
334
6943
4955
5190
8216
5600
2511
9827
1969
4569
2210
7899
1452
3429
541
4455
9452
3368
4850
5693
6601
44
3588
1837
7185
157
7989
6058
5408
4733
9935
2732
2239
6923
2219
4226
6128
6187
2872
734
2834
276
4643
6499
46
7898
7620
3138
9433
5868
2115
2960
6292
3362
8733
3631
2743
8722
5534
4723
4132
3973
6711
3547
8364
1414
3670
1962
8220
4694
760
2814
2757
2357
754
7051
7051
3167
4911
7260
2561
4534
6538
4321
3922
847
1415
7084
9997
769
7034
4393
3171
392
1874
8036
1113
9334
5021
2537
6852
6113
1389
2895
4798
1361
2123
6831
4866
6468
2230
8797
5844
7352
2286
3952
5394
3987
602
1874
3560
8334
6108
1487
1689
1600
814
1358
7740
2406
1339
9379
208
7670
7902
1403
2026
2652
4248
5193
963
8783
5401
4082
2501
7797
6885
6785
3399
5288
1751
7808
8231
1426
7882
5686
5471
2125
2006
771
8224
7099
423
1600
4045
1874
7157
6870
330
8536
8354
7797
1319
6917
6165
1178
1769
1947
1641
567
6859
9062
6148
4662
521
4005
1620
5919
9611
2694
1908
2070
7425
891
3089
5112
4607
9194
4625
1566
6814
1996
270
8339
5936
7596
9826
9796
1482
8026
3663
3150
1015
104
8675
4953
9854
7688
8890
2496
6914
6240
6663
9154
229
4389
9427
69
5527
7356
813
2254
4165
250
844
7649
5994
4853
8724
1933
5483
8360
9784
2119
5823
2589
7259
169
9683
8247
3313
763
8406
8181
2367
2027
7172
2848
8075
5716
3920
7913
8553
167
8702
1775
7759
3209
1391
4931
363
1878
6883
4986
2369
3502
4992
1450
5640
6022
3062
204
4136
7488
676
2215
6746
3399
4071
20
142
640
5696
8014
6495
4344
6867
6777
2678
9060
6197
3752
1603
2613
2377
4872
9638
4849
1595
289
1233
2026
316
720
4801
9667
7588
6904
1487
8566
1158
3443
8430
6992
5787
6507
2376
9981
6312
3582
2749
494
8170
9038
7793
5682
9993
2634
9199
7297
4091
7408
8860
7968
6606
9007
8994
3248
3582
8692
8587
6754
4461
1266
3369
2535
6462
5646
6007
3030
1888
4576
4348
7607
1463
8878
259
2249
2790
1393
7847
337
140
445
6929
7685
2718
3425
2075
2635
6450
2304
5032
7811
3089
456
2880
1871
2983
4120
1921
47
6421
4413
9515
5768
6230
3594
699
7883
1393
5503
5868
4784
4990
6583
314
9004
1768
1241
9592
480
7401
8492
227
8396
2839
7388
5450
2425
3459
5061
9701
6549
2781
8681
5680
8311
5134
1646
5216
3682
8168
2429
9852
4249
6394
7959
5858
723
9
6550
3490
5877
817
1687
9660
5253
7852
4770
2480
3338
3327
8368
3681
9573
7104
285
1462
2130
2157
6806
3621
2908
4603
9924
4682
2620
1165
1925
1851
4384
6347
7678
7408
5205
5800
306
9437
9038
3382
624
2795
461
8788
5221
370
6052
8889
8584
6237
8765
2382
241
6516
4017
1384
1112
9844
1566
9165
391
2761
3651
8269
3663
5476
1199
5239
4546
3615
120
766
7773
8637
1644
527
1424
3348
1139
4518
1083
9166
216
8719
3682
6434
7338
6676
8219
1607
5753
4863
283
169
2071
2467
8664
1252
2654
3902
8770
7139
2026
8128
4861
5245
1216
7367
4154
916
485
9079
141
6529
7992
6138
7982
3105
7222
28
3124
2911
9014
5937
2001
2299
7921
8456
1112
278
6672
6619
9861
9865
4753
3794
2090
7203
5651
7902
1573
2080
3163
5007
9830
9283
6007
6434
8332
5759
1241
7720
635
1742
361
8810
19
6058
3341
3955
1273
5084
7642
8359
3539
3077
8560
72
7886
4844
9307
8057
7021
5897
8093
4518
2405
277
8266
4475
1831
680
8991
1393
485
2944
256
5996
377
9841
3065
2434
4625
170
4874
176
4469
2714
2269
2643
785
1801
7324
7284
630
1999
9824
2988
4383
7589
7321
2178
8171
2556
5467
4253
6155
6358
7929
3748
1406
9703
8490
6593
750
1348
6343
5798
3227
1434
2128
9471
5667
2296
8241
6969
4757
4337
5569
255
4534
3234
6318
6438
7102
6215
5173
8833
4434
9786
7493
2176
2159
2450
2233
5065
6906
7314
2295
6994
6253
2631
8501
1053
8278
1963
8355
1072
2272
9170
5007
4633
3854
