9
12
14
19
19
20
24
28
28
31
32
38
41
44
46
46
47
47
50
50
51
51
51
58
60
67
69
72
73
83
84
88
92
95
97
104
106
112
120
126
130
134
136
140
141
142
157
158
161
167
169
169
169
170
170
175
176
184
190
190
193
197
204
206
206
208
212
216
218
221
226
227
229
233
235
241
243
247
250
255
256
259
259
270
273
273
274
276
276
277
277
278
283
285
285
289
290
290
291
298
300
306
311
312
312
312
314
316
325
326
326
328
330
331
332
334
334
337
338
346
350
356
357
361
363
363
370
375
377
377
381
383
384
387
387
389
391
392
392
396
397
397
409
421
422
423
426
427
429
430
434
437
444
445
445
451
456
456
461
462
477
480
481
483
483
485
485
491
494
495
508
509
510
516
517
520
521
522
527
533
534
538
539
541
542
544
546
549
550
555
555
555
558
558
559
561
561
562
567
567
570
571
572
583
590
593
597
597
597
598
602
606
607
608
610
618
620
622
624
624
626
630
635
635
640
642
644
651
653
656
669
676
679
680
688
688
689
689
690
698
699
700
701
705
707
720
720
723
727
728
729
730
734
748
750
752
754
760
760
763
766
769
769
771
775
776
783
785
785
785
792
794
798
803
812
813
814
817
818
818
831
837
844
847
857
860
861
865
876
879
888
888
889
890
891
893
901
902
912
913
916
923
929
929
931
935
936
942
950
952
955
957
957
961
963
966
973
977
985
999
1015
1018
1022
1024
1032
1036
1036
1043
1053
1054
1055
1057
1061
1072
1083
1083
1091
1093
1094
1098
1103
1106
1112
1112
1113
1121
1122
1124
1125
1135
1136
1138
1139
1140
1143
1151
1153
1155
1158
1159
1160
1163
1164
1164
1165
1168
1169
1172
1178
1183
1186
1191
1198
1199
1209
1210
1211
1212
1214
1216
1218
1220
1228
1233
1235
1236
1241
1241
1245
1246
1248
1252
1253
1254
1254
1257
1258
1261
1261
1261
1266
1271
1272
1273
1275
1277
1282
1289
1299
1312
1314
1319
1320
1321
1332
1337
1339
1343
1347
1348
1349
1354
1358
1360
1361
1362
1367
1372
1376
1384
1385
1389
1390
1391
1393
1393
1393
1395
1396
1397
1402
1403
1404
1405
1406
1408
1409
1413
1414
1415
1417
1418
1422
1424
1425
1426
1427
1434
1444
1450
1452
1452
1453
1456
1460
1460
1462
1463
1467
1467
1469
1475
1478
1479
1482
1487
1487
1487
1487
1489
1496
1496
1510
1511
1517
1518
1531
1531
1532
1533
1535
1539
1544
1559
1559
1561
1563
1566
1566
1566
1572
1573
1575
1575
1584
1590
1595
1600
1600
1603
1604
1606
1607
1615
1616
1618
1620
1626
1626
1627
1631
1637
1639
1641
1643
1644
1646
1646
1646
1650
1654
1656
1660
1664
1664
1669
1687
1689
1689
1689
1691
1693
1698
1700
1700
1702
1702
1706
1713
1714
1726
1730
1734
1735
1735
1742
1751
1752
1755
1756
1757
1758
1768
1769
1769
1769
1775
1780
1785
1797
1801
1801
1802
1807
1809
1818
1828
1831
1833
1837
1843
1845
1848
1848
1851
1854
1857
1861
1864
1871
1872
1874
1874
1874
1874
1877
1878
1881
1884
1887
1887
1888
1890
1908
1912
1913
1913
1915
1920
1921
1922
1925
1933
1938
1938
1939
1939
1940
1945
1947
1951
1957
1959
1962
1963
1969
1969
1974
1975
1985
1987
1990
1992
1996
1999
2001
2002
2006
2006
2016
2026
2026
2026
2027
2027
2028
2029
2029
2030
2042
2043
2045
2046
2053
2062
2062
2064
2067
2070
2070
2071
2071
2072
2073
2075
2076
2078
2079
2080
2081
2085
2087
2090
2092
2093
2096
2097
2099
2102
2103
2105
2115
2119
2122
2123
2123
2125
2126
2128
2130
2130
2131
2146
2149
2151
2157
2158
2159
2159
2161
2165
2167
2174
2176
2176
2178
2190
2198
2199
2204
2207
2210
2215
2219
2219
2220
2223
2230
2233
2236
2236
2239
2239
2239
2243
2249
2249
2250
2252
2254
2260
2269
2272
2276
2279
2282
2283
2284
2286
2295
2296
2296
2297
2299
2300
2304
2309
2310
2313
2317
2324
2325
2327
2328
2332
2334
2337
2339
2342
2347
2349
2351
2351
2353
2354
2354
2357
2357
2363
2367
2367
2369
2369
2376
2377
2380
2382
2387
2396
2397
2398
2400
2400
2403
2404
2405
2406
2414
2421
2425
2429
2434
2438
2439
2448
2449
2450
2456
2458
2464
2467
2467
2467
2471
2474
2478
2480
2480
2484
2493
2496
2501
2507
2509
2511
2511
2528
2529
2531
2535
2535
2536
2537
2538
2542
2544
2546
2547
2547
2549
2556
2557
2558
2560
2561
2561
2563
2568
2571
2572
2581
2587
2589
2594
2596
2596
2597
2608
2610
2613
2614
2616
2620
2631
2634
2635
2635
2639
2642
2643
2647
2652
2654
2671
2677
2677
2678
2682
2684
2685
2689
2692
2694
2695
2705
2714
2716
2717
2718
2722
2728
2732
2743
2749
2754
2757
2758
2761
2762
2779
2780
2781
2786
2787
2790
2795
2797
2809
2814
2814
2817
2824
2827
2834
2834
2839
2840
2845
2848
2864
2872
2872
2880
2893
2893
2895
2897
2904
2906
2906
2908
2911
2913
2916
2916
2933
2934
2940
2943
2944
2947
2960
2975
2979
2983
2985
2987
2987
2988
3001
3025
3030
3030
3035
3038
3039
3044
3047
3048
3053
3062
3062
3064
3065
3071
3071
3073
3077
3078
3089
3089
3097
3105
3107
3108
3111
3124
3127
3130
3134
3134
3138
3141
3145
3150
3151
3152
3157
3163
3163
3167
3167
3171
3172
3173
3183
3188
3209
3210
3222
3227
3230
3233
3234
3235
3245
3246
3248
3248
3255
3268
3282
3302
3312
3313
3317
3318
3320
3322
3327
3332
3334
3338
3341
3341
3347
3348
3354
3359
3362
3364
3368
3368
3369
3375
3381
3382
3393
3393
3399
3399
3417
3420
3425
3426
3429
3429
3430
3433
3443
3445
3449
3459
3460
3467
3468
3472
3474
3475
3479
3481
3482
3484
3486
3490
3494
3495
3497
3501
3502
3505
3511
3514
3517
3519
3523
3528
3529
3530
3536
3539
3544
3544
3545
3547
3548
3548
3550
3552
3553
3559
3560
3564
3570
3582
3582
3588
3590
3592
3594
3596
3602
3607
3610
3615
3617
3619
3621
3624
3631
3643
3644
3650
3651
3660
3661
3663
3663
3666
3670
3671
3679
3679
3681
3682
3682
3682
3695
3695
3699
3712
3728
3737
3748
3749
3752
3759
3767
3768
3769
3778
3781
3783
3787
3794
3800
3805
3813
3823
3825
3844
3850
3854
3863
3874
3876
3880
3880
3885
3894
3898
3902
3912
3920
3922
3938
3939
3945
3950
3952
3954
3955
3962
3963
3967
3970
3973
3973
3978
3979
3981
3984
3987
3992
4003
4005
4005
4013
4016
4017
4028
4029
4032
4039
4045
4062
4068
4070
4071
4071
4078
4082
4089
4091
4093
4094
4101
4109
4116
4120
4122
4132
4136
4141
4149
4152
4154
4165
4184
4192
4205
4217
4218
4226
4226
4233
4234
4239
4243
4244
4248
4249
4250
4253
4257
4258
4266
4270
4271
4273
4276
4278
4282
4288
4298
4299
4305
4308
4309
4321
4328
4330
4334
4337
4344
4345
4348
4348
4352
4358
4361
4368
4369
4370
4372
4380
4383
4384
4384
4389
4389
4391
4393
4393
4400
4413
4416
4416
4419
4427
4428
4431
4432
4434
4438
4439
4440
4449
4454
4455
4455
4456
4461
4462
4464
4469
4475
4477
4486
4489
4512
4514
4518
4518
4519
4524
4530
4531
4531
4531
4534
4534
4539
4543
4546
4560
4561
4565
4569
4576
4576
4576
4584
4601
4603
4604
4605
4607
4608
4609
4613
4617
4621
4625
4625
4625
4628
4633
4633
4634
4634
4638
4643
4649
4651
4657
4657
4662
4672
4674
4674
4682
4685
4694
4704
4720
4723
4725
4726
4729
4733
4736
4738
4743
4744
4748
4753
4753
4757
4757
4759
4766
4767
4770
4773
4784
4787
4788
4789
4798
4801
4801
4801
4810
4823
4825
4827
4833
4844
4844
4846
4847
4849
4850
4853
4855
4857
4858
4861
4863
4864
4866
4872
4874
4874
4876
4879
4880
4880
4881
4892
4911
4915
4916
4930
4931
4934
4945
4953
4955
4961
4962
4970
4972
4979
4980
4983
4986
4988
4990
4992
5001
5007
5007
5007
5007
5010
5016
5021
5030
5032
5048
5048
5061
5062
5065
5065
5067
5071
5073
5075
5077
5084
5084
5094
5112
5123
5128
5131
5134
5136
5141
5146
5148
5158
5158
5163
5173
5176
5185
5190
5191
5193
5205
5211
5216
5221
5225
5234
5235
5239
5242
5245
5253
5260
5266
5269
5270
5278
5282
5283
5288
5295
5305
5313
5318
5321
5325
5326
5330
5333
5356
5365
5375
5380
5383
5383
5394
5401
5408
5408
5411
5416
5418
5419
5429
5438
5440
5445
5450
5450
5450
5466
5467
5471
5476
5483
5496
5497
5503
5509
5522
5523
5527
5527
5529
5530
5534
5536
5557
5562
5566
5569
5571
5589
5600
5607
5608
5611
5630
5640
5642
5646
5651
5661
5666
5666
5667
5671
5676
5680
5682
5686
5689
5693
5696
5697
5703
5709
5714
5716
5721
5722
5725
5726
5735
5739
5753
5754
5759
5768
5768
5774
5784
5787
5793
5798
5800
5801
5810
5815
5822
5823
5827
5844
5847
5854
5858
5861
5868
5868
5876
5877
5877
5883
5897
5919
5923
5934
5934
5935
5936
5936
5937
5944
5953
5965
5973
5994
5996
5997
6004
6007
6007
6022
6024
6026
6026
6032
6036
6036
6039
6044
6047
6047
6052
6058
6058
6065
6074
6087
6100
6103
6107
6108
6113
6124
6128
6128
6128
6132
6138
6140
6142
6142
6146
6147
6148
6148
6155
6160
6165
6166
6166
6168
6176
6177
6187
6191
6191
6197
6198
6202
6203
6206
6213
6214
6215
6218
6221
6224
6225
6230
6233
6234
6237
6240
6243
6253
6257
6257
6259
6269
6279
6289
6292
6293
6294
6296
6298
6300
6301
6302
6303
6307
6312
6313
6318
6318
6325
6332
6334
6343
6347
6352
6358
6359
6361
6361
6362
6365
6377
6379
6387
6389
6393
6394
6411
6417
6419
6421
6425
6434
6434
6435
6438
6438
6450
6450
6451
6462
6462
6465
6465
6468
6468
6470
6472
6475
6482
6495
6498
6499
6501
6504
6507
6516
6516
6520
6520
6529
6538
6539
6543
6549
6550
6550
6561
6566
6572
6572
6576
6578
6583
6589
6590
6593
6599
6601
6602
6606
6606
6608
6610
6613
6619
6626
6644
6651
6652
6663
6670
6672
6672
6676
6680
6684
6688
6688
6690
6691
6708
6711
6714
6745
6746
6752
6753
6754
6755
6760
6766
6767
6770
6773
6777
6785
6786
6789
6793
6798
6806
6808
6814
6818
6822
6822
6831
6832
6836
6842
6850
6852
6859
6860
6867
6870
6870
6872
6873
6883
6885
6891
6902
6904
6906
6909
6913
6914
6917
6923
6924
6924
6929
6931
6941
6943
6952
6956
6968
6969
6978
6979
6992
6994
7001
7006
7011
7014
7018
7021
7022
7025
7025
7034
7036
7046
7051
7051
7053
7055
7059
7061
7077
7084
7094
7099
7102
7104
7114
7117
7118
7129
7139
7143
7148
7152
7155
7156
7157
7169
7170
7172
7175
7179
7182
7183
7184
7184
7185
7194
7199
7202
7203
7209
7214
7222
7246
7259
7260
7262
7263
7270
7274
7284
7287
7288
7288
7289
7294
7297
7298
7307
7313
7314
7317
7318
7318
7321
7324
7326
7333
7334
7338
7344
7352
7352
7356
7359
7363
7367
7367
7369
7380
7388
7393
7396
7399
7401
7402
7403
7403
7408
7408
7408
7409
7425
7433
7437
7437
7442
7447
7448
7459
7460
7472
7486
7488
7490
7493
7493
7494
7506
7518
7524
7528
7528
7540
7544
7549
7550
7553
7569
7576
7581
7586
7588
7589
7590
7592
7593
7595
7596
7607
7616
7620
7627
7641
7642
7649
7649
7651
7661
7663
7670
7670
7678
7679
7685
7688
7690
7714
7720
7723
7730
7734
7740
7759
7766
7773
7784
7788
7793
7797
7797
7799
7808
7808
7808
7811
7811
7821
7823
7830
7831
7847
7852
7854
7871
7872
7879
7882
7883
7886
7888
7891
7894
7898
7899
7902
7902
7910
7912
7913
7913
7921
7929
7941
7950
7955
7959
7959
7968
7972
7976
7977
7982
7985
7989
7991
7992
7993
8014
8021
8022
8026
8032
8033
8036
8042
8042
8044
8050
8057
8057
8063
8066
8068
8070
8073
8075
8093
8096
8099
8102
8115
8124
8125
8128
8136
8139
8140
8140
8144
8149
8167
8168
8170
8171
8175
8181
8186
8195
8197
8198
8213
8215
8215
8216
8217
8219
8220
8224
8224
8228
8231
8231
8233
8238
8239
8241
8243
8247
8249
8256
8266
8266
8267
8269
8278
8280
8296
8299
8300
8302
8307
8309
8311
8311
8320
8332
8334
8339
8343
8352
8354
8355
8359
8360
8361
8364
8365
8368
8369
8370
8376
8381
8387
8389
8392
8396
8402
8404
8406
8406
8413
8413
8421
8426
8430
8430
8431
8443
8452
8456
8456
8457
8463
8467
8471
8476
8476
8479
8484
8485
8490
8492
8492
8493
8493
8494
8501
8517
8524
8533
8536
8553
8560
8564
8566
8566
8579
8584
8587
8591
8609
8611
8615
8630
8631
8631
8636
8637
8637
8664
8675
8680
8681
8691
8692
8702
8702
8707
8713
8719
8721
8722
8724
8724
8724
8724
8728
8729
8732
8733
8746
8746
8751
8754
8755
8765
8770
8783
8788
8792
8794
8795
8797
8798
8806
8807
8807
8809
8810
8824
8832
8833
8836
8843
8847
8857
8859
8860
8872
8878
8887
8887
8889
8890
8893
8901
8907
8907
8922
8926
8927
8928
8929
8930
8931
8932
8936
8942
8949
8956
8957
8963
8983
8984
8991
8991
8994
8995
9004
9005
9007
9010
9014
9021
9027
9038
9038
9040
9060
9062
9064
9070
9071
9072
9079
9093
9099
9103
9111
9135
9141
9146
9151
9154
9163
9164
9165
9166
9166
9168
9168
9170
9194
9199
9219
9229
9231
9235
9241
9248
9248
9250
9268
9276
9279
9283
9299
9305
9307
9312
9318
9334
9341
9347
9352
9353
9358
9367
9379
9381
9389
9391
9395
9398
9398
9398
9402
9402
9405
9410
9427
9427
9433
9437
9438
9452
9452
9454
9455
9461
9469
9471
9471
9477
9479
9482
9488
9493
9504
9505
9510
9511
9512
9515
9523
9533
9547
9547
9550
9553
9557
9561
9573
9575
9592
9596
9606
9611
9616
9617
9628
9632
9638
9660
9660
9661
9666
9667
9675
9681
9681
9683
9685
9692
9695
9701
9701
9703
9714
9717
9733
9743
9746
9747
9765
9766
9772
9779
9782
9784
9786
9786
9793
9793
9796
9824
9824
9826
9827
9830
9830
9837
9840
9841
9844
9844
9845
9851
9852
9854
9857
9861
9865
9865
9866
9866
9888
9894
9898
9907
9916
9920
9921
9924
9930
9933
9935
9936
9944
9946
9952
9959
9964
9965
9977
9978
9981
9985
9986
9988
9988
9988
9993
9995
9997
